Webots Project File version R2025a
perspectives: 000000ff00000000fd0000000300000000000003200000041dfc0100000003fc00000000ffffffff0000000000fffffffc0200000001fb00000012005300630065006e0065005400720065006501000000000000039f0000000000000000fb0000001e00480074006d006c0052006f0062006f007400570069006e0064006f00770000000000000003200000000000000000fb0000001a0044006f00630075006d0065006e0074006100740069006f006e0000000000ffffffff000000000000000000000001000002230000028dfc0200000001fb0000001400540065007800740045006400690074006f007200000000000000028d0000004500ffffff00000003000005a000000369fc0100000002fb0000000e0043006f006e0073006f006c00650100000000000007800000000000000000fc00000000000005a00000000000fffffffa000000000100000002fb0000001a0043006f006e0073006f006c00650041006c006c0041006c006c0100000000ffffffff0000000000000000fb0000001a0043006f006e0073006f006c00650041006c006c0041006c006c0100000000ffffffff0000000000000000000000000000000000000004000000040000000100000008fc00000000
simulationViewPerspectives: 000000ff000000010000000200000195000004090100000002010000000101
sceneTreePerspectives: 000000ff00000001000000030000001e000000c0000000fa0100000002010000000201
maximizedDockId: -1
centralWidgetVisible: 0
orthographicViewHeight: 1
textFiles: -1
renderingDevicePerspectives: stair_cleaning_bot:front_cam;0;0.697462;0.073604;0
